9
61
212
289
361
453
583
759
848
940
1252
1489
1588
1697
1844
1845
1932
2016
2288
2331
2682
2993
2998
3004
3140
3487
3513
3524
5308
5393
5493
6210
6540
6566
6635
7036
7186
7415
8158
8348
10743
11085
11173
11181
12634
13162
13452
13645
15692
15876
16009
16197
17365
17580
17868
18387
19396
21644
21675
22509
22998
23714
24035
24075
24125
25586
25593
25929
29433
30161
30339
34975
35084
37185
37813
38474
38751
39438
39805
41835
42803
44645
45040
45756
45995
46088
46206
46217
46727
46869
47781
104487
104511
104517
104518
104525
104539
104541
104552
104555
104561
104566
104571
104576
104583
104585
104589
104596
104599
104604
104606
104626
104634
104635
104638
104645
104648
104650
104652
104676
104685
104693
104702
104705
104713
104716
104718
104719
104720
104735
104747
104760
104781
104783
104784
104793
104796
104812
104817
104819
104845
104853
104855
104859
104862
104870
104885
104931
104946
104948
104949
104950
104960
104963
104983
105007
105028
105033
105053
105080
105081
105083
105086
105088
105091
105130
105138
105142
105146
105158
105159
105161
105163
105169
105176
105179
105182
105201
105203
105205
105209
105215
105237
105247
105255
105268
105276
105277
105281
105294
105297
105323
105352
105360
105367
105376
105377
105390
105399
105400
105404
105412
105421
105430
105444
105453
105454
105463
105466
105471
105477
105496
105508
105512
105516
105519
105521
105552
105556
105561
105588
105616
105633
105641
105642
105670
105675
105686
105690
105710
105718
105725
105726
105728
105734
105757
105758
105764
105776
105777
105778
105780
105790
105794
105818
105826
105843
105879
105890
105907
105926
105938
105939
105954
105958
105963
105992
106006
106012
106039
106054
106060
106062
106070
106081
106093
106098
106128
106165
106173
106178
106189
106199
106201
106204
106207
106220
106266
106275
106277
106278
106282
106288
106289
106297
106301
106304
106323
106336
106338
106343
106350
106356
106357
106398
106430
106431
106432
106451
106466
106482
106494
106505
106516
106523
106546
106584
106585
106595
106609
106614
106616
106629
106647
106654
106682
106687
106705
106746
106750
106753
106783
106793
106800
106810
106838
106847
106863
106909
106924
106928
106951
106960
106962
106974
106982
107010
107027
107028
107033
107038
107046
107049
107058
107063
107066
107149
107157
107158
107160
107173
107175
107177
107205
107206
107213
107214
107225
107242
107247
107269
107272
107275
107293
107296
107300
107302
107303
107310
107312
107319
107325
107338
107342
107344
107346
107351
107376
107382
107387
107408
107420
107432
107445
107469
107472
107494
107517
107528
107545
107560
107568
107674
107687
107689
107707
107711
107715
107719
107738
107808
107811
107820
107831
107852
107853
107855
107866
107890
107911
107923
107927
107935
107952
107971
107975
107980
107987
108014
108028
108032
108042
108045
108049
108050
108074
108076
108107
108143
108165
108170
108208
108211
108214
108236
108237
108240
108254
108255
108257
108260
108268
108281
108344
108345
108357
108383
108392
108425
108443
108468
108477
108488
108516
108517
108534
108542
108561
108604
108610
108617
108618
108633
108674
108716
108780
108784
108805
108832
108847
108849
108870
108874
108893
108928
108936
108961
108981
108991
109002
109018
109077
109104
109138
109139
109149
109168
109169
109192
109193
109194
109218
109226
109242
109250
109261
109355
109366
109368
109383
109391
109396
109400
109440
109474
109476
109481
109491
109505
109520
109528
109550
109552
109580
109582
109585
109591
109596
109623
109644
109662
109664
109667
109689
109712
109767
109807
109811
109818
109844
109845
109865
109876
109888
109905
109918
109930
109933
109935
109945
109986
110005
110023
110035
110045
110049
110080
110088
110093
110096
110107
110118
110126
110153
110166
110181
110194
110247
110257
110269
110271
110291
110294
110296
110324
110351
110353
110391
110394
110400
110407
110425
110430
110433
110441
110457
110458
110489
110497
110533
110550
110552
110588
110590
110619
110632
110638
110653
110658
110667
110670
110694
110726
110729
110750
110757
110767
110770
110774
110785
110787
110789
110802
110806
110841
110862
110879
110885
110897
110901
110908
110926
110933
110946
110957
111069
111079
111085
111087
111091
111097
111167
111168
111231
111242
111266
111291
111295
111335
111360
111361
111370
111376
111382
111383
111441
111447
111452
111494
111503
111512
111587
111588
111601
111607
111623
111694
111726
111737
111743
111750
111759
111787
111845
111861
111883
111907
111912
112006
112021
112077
112192
112215
112319
112322
112324
112338
112379
112441
112442
112487
112496
112526
112528
112551
112554
112572
112608
112613
112629
112738
112865
113042
113086
113128
113224
113308
113358
113360
113441
113609
113638
113859
113918
113972
114052
114057
114085
114102
114114
114193
114335
114439
114502
114649
115015
115060
115093
115357
115494
115504
115785
115961
116176
116197
116360
116379
116449
117048
117050
117054
117198
117343
117384
117681
117743
117773
117808
118077
118203
118826
118851
118884
119167
119209
119278
119347
120107
120277
120325
120572
120573
120642
121348
121468
121484
121629
121812
121876
121942
121995
122020
122389
122708
122733
122833
122836
123381
123499
123501
123525
123543
123558
123711
123826
124313
124365
124414
124465
124674
124687
124982
125004
125121
125410
125680
125772
125951
126236
126825
126890
126928
127065
127304
127325
127351
127398
127739
127817
127988
128040
128117
128285
128356
128435
128483
128499
128586
128610
128611
128667
128734
128856
128990
129040
129257
129273
129288
129357
129398
129609
129669
129734
129840
129973
130007
130023
130105
130282
130651
130874
130913
130987
131181
131257
131394
131572
131670
131684
131750
131898
132117
132230
132257
132372
132416
132436
132474
132551
132553
132694
132731
133051
133232
133370
133383
133783
133873
134012
134111
134249
134332
134340
134574
134838
134874
135061
135130
135287
135296
135333
135405
135470
135592
135601
135622
135822
136150
136246
136330
136403
136462
136481
136531
136716
136851
136940
137028
137045
137053
137177
137251
137441
137463
137598
137610
137631
137661
137682
137751
137834
137872
137894
138121
138245
138401
138613
138653
138756
138923
138960
139083
139095
139309
139488
139605
139652
139663
139671
139675
139708
139856
139895
140059
140413
140432
140486
140607
140649
140703
140743
140792
140799
140963
141202
141349
141395
141417
141575
141605
141661
141823
141836
141974
142250
142333
142610
142633
142834
142949
143013
143030
143268
143308
143336
143344
143393
143456
143472
143478
143567
143597
143633
143730
143732
143745
144107
144112
144313
144482
144536
144554
144594
144790
144820
144899
144931
144945
144996
145041
145194
145250
145267
145420
145441
145452
145628
145634
145769
145810
145979
145989
146105
146113
146148
146340
146386
146517
146551
146629
146652
146677
146681
146720
146786
146851
146897
146912
146990
147067
147110
147189
147235
147269
147271
147548
147662
147746
148072
148152
148267
148361
148399
148472
148534
148566
148572
148574
148640
148875
149003
149120
149146
149193
149222
149335
149454
149621
149653
149688
149770
149849
149867
149936
150084
150108
150114
150393
150423
150429
150435
150529
150581
150586
150614
150646
150647
150738
150875
150910
150978
150999
151090
151127
151190
151248
151443
151491
151561
151588
151659
151712
151749
151829
151912
151956
152093
152174
152248
152338
152420
152502
152521
152601
152606
152607
152611
152717
152820
152872
152922
152982
153139
153285
153372
153401
153417
153456
153464
153498
153632
153830
153838
153914
153920
153956
154003
154009
154287
154309
154344
154461
154721
154820
154872
154908
154957
154963
155322
155351
155473
155554
155572
155617
155686
155697
155737
155763
155782
155870
155889
155923
155998
156032
156148
156247
156260
156339
156341
156371
156393
156397
156704
156783
156933
157046
157047
157091
157160
157295
157339
157349
157394
157629
157705
157821
157844
157874
157964
157980
158026
158051
158240
158270
158292
158671
158822
158834
158949
159030
159062
159064
159103
159227
159233
159322
159377
159432
159469
159558
159650
159897
159972
160207
160276
160383
160441
160452
160565
160580
160985
161556
161943
162053
162492
163038
163493
163516
163814
163839
163855
163952
164179
164280
164452
164498
164741
164753
164799
164818
164863
164925
165023
165024
165030
165117
165136
165211
165306
165714
165737
165782
165885
165892
165937
165948
165971
165976
166089
166133
166462
166710
166732
166782
167071
167104
167331
167492
167549
167619
167658
167725
168300
168313
168432
168476
168596
168884
169018
169227
169258
169416
169465
169523
169528
169568
169679
169854
169957
169959
170057
170064
170107
170174
170303
170335
170485
170619
170628
170679
170800
171003
171013
171342
171402
171520
171847
171924
172240
172312
172353
172379
172421
172633
173018
173151
173198
173627
173961
174129
174260
174346
174904
175051
175071
175212
175257
175325
179538
197522
224519
226685
226734
277165
281079
281150
281201
281259
281314
281385
281617
281689
281757
281785
282241
282270
282399
282959
283085
283258
283582
283624
283771
283794
283930
284147
284287
284474
284684
285423
285971
286297
286594
287718
289935
290166
290900
291798
292158
292454
294197
299211
304290